1 6
1 8
2 8
2 9
4 7
5 6
4 8
1 12
3 10
2 12
4 10
6 8
2 13
1 15
6 10
2 15
7 10
8 9
6 12
2 17
8 11
7 13
8 12
2 19
6 15
7 14
1 21
2 20
9 12
6 16
7 15
8 14
8 15
2 22
8 16
9 15
11 13
8 17
4 22
11 14
5 21
12 13
8 18
11 15
1 27
2 26
4 24
11 16
12 15
8 20
4 25
12 16
6 23
13 15
7 22
9 20
12 17
6 24
7 23
14 15
8 22
4 27
12 18
6 25
13 17
7 24
4 28
12 19
6 26
13 18
7 25
8 24
15 16
10 22
12 20
13 19
7 26
8 25
15 17
10 23
11 22
5 29
13 20
1 34
15 18
10 24
4 31
11 23
5 30
7 28
15 19
2 34
11 24
5 31
6 30
14 21
15 20
9 27
11 25
5 32
12 24
6 31
7 30
14 22
4 34
6 32
14 23
12 26
7 32
14 24
11 28
6 34
13 26
14 25
15 24
10 30
11 29
7 34
8 33
11 30
14 28
13 30
14 29
10 34
17 26
13 31
14 30
21 22
14 31
19 26
19 27
20 26
14 33
22 24
20 27
14 34
15 33
22 25
23 24
15 34
22 26
16 33
23 25
21 28
24 25
21 29
22 28
24 26
25 26
22 30
24 28
19 34
22 31
25 28
22 32
24 30
26 28
25 30
22 34
23 33
23 34
25 32
26 31
24 34
28 30
25 34
26 34
28 32
29 31
27 34
30 31
28 34
30 32
31 32
30 34
31 33
32 34
18 30
